0.44759530
0.00334636
0.04353054
0.17379767
0.03064388
0.26592979
0.03515647
0.92560863
0.00091656
0.00306759
0.01777596
0.02460733
0.02177963
0.00624436
0.85193539
0.00116700
0.00050138
0.00427802
0.09821324
0.03121057
0.01269437
0.81581867
0.00043099
0.00156836
0.01084352
0.06691009
0.09903478
0.00539361
0.87977105
0.00127772
0.00397849
0.01869997
0.04307784
0.04269643
0.01049851
0.79135907
0.00238757
0.00914710
0.05298866
0.03960208
0.07782690
0.02668865
0.92479354
0.00045293
0.00342591
0.01405575
0.01843972
0.03494130
0.00389087
0.84086257
0.00086493
0.01675784
0.06401011
0.02667074
0.03332239
0.01751140
0.82429850
0.00150579
0.00290994
0.01439053
0.09652600
0.04398850
0.01638072
0.88307339
0.00096668
0.01930434
0.04174355
0.01103636
0.03580380
0.00807192
